481 VGRO   10    1 2018   Buy   150   10300.14   10300.14  150     68.668      0.000
 385 VGRO   10    1 2018   Buy   150   10300.14   20600.28  300     68.668      0.000
 289 VGRO   10    1 2018   Buy   150   10300.14   30900.42  450     68.668      0.000
 193 VGRO   10    1 2018   Buy   150   10300.14   41200.56  600     68.668      0.000
  97 VGRO   10    1 2018   Buy   150   10300.14   51500.70  750     68.668      0.000
   1 VGRO   10    1 2018   Buy   150   10300.14   61800.84  900     68.668      0.000
 491 VGRO   24    2 2018   Buy    85    7423.05   69223.89  985     70.278      0.000
 395 VGRO   24    2 2018   Buy    85    7423.05   76646.94 1070     71.633      0.000
 299 VGRO   24    2 2018   Buy    85    7423.05   84069.99 1155     72.788      0.000
 203 VGRO   24    2 2018   Buy    85    7423.05   91493.04 1240     73.785      0.000
 107 VGRO   24    2 2018   Buy    85    7423.05   98916.09 1325     74.654      0.000
  11 VGRO   24    2 2018   Buy    85    7423.05  106339.14 1410     75.418      0.000
 484 VGRO    8    8 2018   Buy    43    3367.76  109706.90 1453     75.504      0.000
 388 VGRO    8    8 2018   Buy    43    3367.76  113074.66 1496     75.585      0.000
 292 VGRO    8    8 2018   Buy    43    3367.76  116442.42 1539     75.661      0.000
 196 VGRO    8    8 2018   Buy    43    3367.76  119810.18 1582     75.733      0.000
 100 VGRO    8    8 2018   Buy    43    3367.76  123177.94 1625     75.802      0.000
   4 VGRO    8    8 2018   Buy    43    3367.76  126545.70 1668     75.867      0.000
 486 VGRO   11   11 2018   Buy    78    7028.58  133574.28 1746     76.503      0.000
 390 VGRO   11   11 2018   Buy    78    7028.58  140602.86 1824     77.085      0.000
 294 VGRO   11   11 2018   Buy    78    7028.58  147631.44 1902     77.619      0.000
 198 VGRO   11   11 2018   Buy    78    7028.58  154660.02 1980     78.111      0.000
 102 VGRO   11   11 2018   Buy    78    7028.58  161688.60 2058     78.566      0.000
   6 VGRO   11   11 2018   Buy    78    7028.58  168717.18 2136     78.987      0.000
 483 VGRO    8   12 2018   Sell   55    5958.15  164372.87 2081     78.987   1613.841
 387 VGRO    8   12 2018   Sell   55    5958.15  160028.56 2026     78.987   1613.841
 291 VGRO    8   12 2018   Sell   55    5958.15  155684.25 1971     78.987   1613.841
 195 VGRO    8   12 2018   Sell   55    5958.15  151339.94 1916     78.987   1613.841
  99 VGRO    8   12 2018   Sell   55    5958.15  146995.63 1861     78.987   1613.841
   3 VGRO    8   12 2018   Sell   55    5958.15  142651.32 1806     78.987   1613.841
 482 VGRO   22   12 2018   Sell   80    2817.60  136332.33 1726     78.987  -3501.396
 386 VGRO   22   12 2018   Sell   80    2817.60  130013.33 1646     78.987  -3501.396
 290 VGRO   22   12 2018   Sell   80    2817.60  123694.34 1566     78.987  -3501.396
 194 VGRO   22   12 2018   Sell   80    2817.60  117375.34 1486     78.987  -3501.396
  98 VGRO   22   12 2018   Sell   80    2817.60  111056.35 1406     78.987  -3501.396
   2 VGRO   22   12 2018   Sell   80    2817.60  104737.35 1326     78.987  -3501.396
 485 VGRO    4    1 2019   Buy    65    3257.15  107994.50 1391     77.638      0.000
 389 VGRO    4    1 2019   Buy    65    3257.15  111251.65 1456     76.409      0.000
 293 VGRO    4    1 2019   Buy    65    3257.15  114508.80 1521     75.285      0.000
 197 VGRO    4    1 2019   Buy    65    3257.15  117765.95 1586     74.253      0.000
 101 VGRO    4    1 2019   Buy    65    3257.15  121023.10 1651     73.303      0.000
   5 VGRO    4    1 2019   Buy    65    3257.15  124280.25 1716     72.424      0.000
 480 VGRO    7    5 2019   Buy    65    4557.15  128837.40 1781     72.340      0.000
 384 VGRO    7    5 2019   Buy    65    4557.15  133394.55 1846     72.261      0.000
 288 VGRO    7    5 2019   Buy    65    4557.15  137951.70 1911     72.188      0.000
 192 VGRO    7    5 2019   Buy    65    4557.15  142508.85 1976     72.120      0.000
  96 VGRO    7    5 2019   Buy    65    4557.15  147066.00 2041     72.056      0.000
   0 VGRO    7    5 2019   Buy    65    4557.15  151623.15 2106     71.996      0.000
 488 VGRO   14    6 2019   Sell   80    4451.20  145863.49 2026     71.996  -1308.464
 392 VGRO   14    6 2019   Sell   80    4451.20  140103.82 1946     71.996  -1308.464
 296 VGRO   14    6 2019   Sell   80    4451.20  134344.16 1866     71.996  -1308.464
 200 VGRO   14    6 2019   Sell   80    4451.20  128584.50 1786     71.996  -1308.464
 104 VGRO   14    6 2019   Sell   80    4451.20  122824.83 1706     71.996  -1308.464
   8 VGRO   14    6 2019   Sell   80    4451.20  117065.17 1626     71.996  -1308.464
 575 VGRO   16    7 2019   Buy    25    1752.75  118817.92 1651     71.967      0.000
 574 VGRO   16    7 2019   Buy    25    1752.75  120570.67 1676     71.940      0.000
 573 VGRO   16    7 2019   Buy    25    1752.75  122323.42 1701     71.913      0.000
 572 VGRO   16    7 2019   Buy    25    1752.75  124076.17 1726     71.887      0.000
 571 VGRO   16    7 2019   Buy    25    1752.75  125828.92 1751     71.861      0.000
 570 VGRO   16    7 2019   Buy    25    1752.75  127581.67 1776     71.837      0.000
 569 VGRO   16    7 2019   Buy    25    1752.75  129334.42 1801     71.813      0.000
 568 VGRO   16    7 2019   Buy    25    1752.75  131087.17 1826     71.789      0.000
 567 VGRO   16    7 2019   Buy    25    1752.75  132839.92 1851     71.767      0.000
 566 VGRO   16    7 2019   Buy    25    1752.75  134592.67 1876     71.744      0.000
 565 VGRO   16    7 2019   Buy    25    1752.75  136345.42 1901     71.723      0.000
 564 VGRO   16    7 2019   Buy    25    1752.75  138098.17 1926     71.702      0.000
 563 VGRO   16    7 2019   Buy    25    1752.75  139850.92 1951     71.682      0.000
 562 VGRO   16    7 2019   Buy    25    1752.75  141603.67 1976     71.662      0.000
 561 VGRO   16    7 2019   Buy    25    1752.75  143356.42 2001     71.642      0.000
 560 VGRO   16    7 2019   Buy    25    1752.75  145109.17 2026     71.623      0.000
 559 VGRO   16    7 2019   Buy    25    1752.75  146861.92 2051     71.605      0.000
 558 VGRO   16    7 2019   Buy    25    1752.75  148614.67 2076     71.587      0.000
 557 VGRO   16    7 2019   Buy    25    1752.75  150367.42 2101     71.569      0.000
 556 VGRO   16    7 2019   Buy    25    1752.75  152120.17 2126     71.552      0.000
 555 VGRO   16    7 2019   Buy    25    1752.75  153872.92 2151     71.536      0.000
 554 VGRO   16    7 2019   Buy    25    1752.75  155625.67 2176     71.519      0.000
 553 VGRO   16    7 2019   Buy    25    1752.75  157378.42 2201     71.503      0.000
 552 VGRO   16    7 2019   Buy    25    1752.75  159131.17 2226     71.487      0.000
 551 VGRO   16    7 2019   Buy    25    1752.75  160883.92 2251     71.472      0.000
 550 VGRO   16    7 2019   Buy    25    1752.75  162636.67 2276     71.457      0.000
 549 VGRO   16    7 2019   Buy    25    1752.75  164389.42 2301     71.443      0.000
 548 VGRO   16    7 2019   Buy    25    1752.75  166142.17 2326     71.428      0.000
 547 VGRO   16    7 2019   Buy    25    1752.75  167894.92 2351     71.414      0.000
 546 VGRO   16    7 2019   Buy    25    1752.75  169647.67 2376     71.401      0.000
 545 VGRO   16    7 2019   Buy    25    1752.75  171400.42 2401     71.387      0.000
 544 VGRO   16    7 2019   Buy    25    1752.75  173153.17 2426     71.374      0.000
 543 VGRO   16    7 2019   Buy    25    1752.75  174905.92 2451     71.361      0.000
 542 VGRO   16    7 2019   Buy    25    1752.75  176658.67 2476     71.348      0.000
 541 VGRO   16    7 2019   Buy    25    1752.75  178411.42 2501     71.336      0.000
 540 VGRO   16    7 2019   Buy    25    1752.75  180164.17 2526     71.324      0.000
 539 VGRO   16    7 2019   Buy    25    1752.75  181916.92 2551     71.312      0.000
 538 VGRO   16    7 2019   Buy    25    1752.75  183669.67 2576     71.300      0.000
 537 VGRO   16    7 2019   Buy    25    1752.75  185422.42 2601     71.289      0.000
 536 VGRO   16    7 2019   Buy    25    1752.75  187175.17 2626     71.278      0.000
 535 VGRO   16    7 2019   Buy    25    1752.75  188927.92 2651     71.267      0.000
 534 VGRO   16    7 2019   Buy    25    1752.75  190680.67 2676     71.256      0.000
 533 VGRO   16    7 2019   Buy    25    1752.75  192433.42 2701     71.245      0.000
 532 VGRO   16    7 2019   Buy    25    1752.75  194186.17 2726     71.235      0.000
 531 VGRO   16    7 2019   Buy    25    1752.75  195938.92 2751     71.225      0.000
 530 VGRO   16    7 2019   Buy    25    1752.75  197691.67 2776     71.215      0.000
 529 VGRO   16    7 2019   Buy    25    1752.75  199444.42 2801     71.205      0.000
 528 VGRO   16    7 2019   Buy    25    1752.75  201197.17 2826     71.195      0.000
 527 VGRO   16    7 2019   Buy    25    1752.75  202949.92 2851     71.186      0.000
 526 VGRO   16    7 2019   Buy    25    1752.75  204702.67 2876     71.176      0.000
 525 VGRO   16    7 2019   Buy    25    1752.75  206455.42 2901     71.167      0.000
 524 VGRO   16    7 2019   Buy    25    1752.75  208208.17 2926     71.158      0.000
 523 VGRO   16    7 2019   Buy    25    1752.75  209960.92 2951     71.149      0.000
 522 VGRO   16    7 2019   Buy    25    1752.75  211713.67 2976     71.140      0.000
 521 VGRO   16    7 2019   Buy    25    1752.75  213466.42 3001     71.132      0.000
 520 VGRO   16    7 2019   Buy    25    1752.75  215219.17 3026     71.123      0.000
 519 VGRO   16    7 2019   Buy    25    1752.75  216971.92 3051     71.115      0.000
 518 VGRO   16    7 2019   Buy    25    1752.75  218724.67 3076     71.107      0.000
 517 VGRO   16    7 2019   Buy    25    1752.75  220477.42 3101     71.099      0.000
 516 VGRO   16    7 2019   Buy    25    1752.75  222230.17 3126     71.091      0.000
 515 VGRO   16    7 2019   Buy    25    1752.75  223982.92 3151     71.083      0.000
 514 VGRO   16    7 2019   Buy    25    1752.75  225735.67 3176     71.075      0.000
 513 VGRO   16    7 2019   Buy    25    1752.75  227488.42 3201     71.068      0.000
 512 VGRO   16    7 2019   Buy    25    1752.75  229241.17 3226     71.060      0.000
 511 VGRO   16    7 2019   Buy    25    1752.75  230993.92 3251     71.053      0.000
 510 VGRO   16    7 2019   Buy    25    1752.75  232746.67 3276     71.046      0.000
 509 VGRO   16    7 2019   Buy    25    1752.75  234499.42 3301     71.039      0.000
 508 VGRO   16    7 2019   Buy    25    1752.75  236252.17 3326     71.032      0.000
 507 VGRO   16    7 2019   Buy    25    1752.75  238004.92 3351     71.025      0.000
 506 VGRO   16    7 2019   Buy    25    1752.75  239757.67 3376     71.018      0.000
 505 VGRO   16    7 2019   Buy    25    1752.75  241510.42 3401     71.012      0.000
 504 VGRO   16    7 2019   Buy    25    1752.75  243263.17 3426     71.005      0.000
 503 VGRO   16    7 2019   Buy    25    1752.75  245015.92 3451     70.999      0.000
 502 VGRO   16    7 2019   Buy    25    1752.75  246768.67 3476     70.992      0.000
 501 VGRO   16    7 2019   Buy    25    1752.75  248521.42 3501     70.986      0.000
 500 VGRO   16    7 2019   Buy    25    1752.75  250274.17 3526     70.980      0.000
 499 VGRO   16    7 2019   Buy    25    1752.75  252026.92 3551     70.974      0.000
 498 VGRO   16    7 2019   Buy    25    1752.75  253779.67 3576     70.967      0.000
 497 VGRO   16    7 2019   Buy    25    1752.75  255532.42 3601     70.962      0.000
 496 VGRO   16    7 2019   Buy    25    1752.75  257285.17 3626     70.956      0.000
 495 VGRO   16    7 2019   Buy    25    1752.75  259037.92 3651     70.950      0.000
 494 VGRO   16    7 2019   Buy    25    1752.75  260790.67 3676     70.944      0.000
 493 VGRO   16    7 2019   Buy    25    1752.75  262543.42 3701     70.939      0.000
 492 VGRO   16    7 2019   Buy    25    1752.75  264296.17 3726     70.933      0.000
 489 VGRO   16    7 2019   Buy    25    1752.75  266048.92 3751     70.927      0.000
 479 VGRO   16    7 2019   Buy    25    1752.75  267801.67 3776     70.922      0.000
 478 VGRO   16    7 2019   Buy    25    1752.75  269554.42 3801     70.917      0.000
 477 VGRO   16    7 2019   Buy    25    1752.75  271307.17 3826     70.911      0.000
 476 VGRO   16    7 2019   Buy    25    1752.75  273059.92 3851     70.906      0.000
 475 VGRO   16    7 2019   Buy    25    1752.75  274812.67 3876     70.901      0.000
 474 VGRO   16    7 2019   Buy    25    1752.75  276565.42 3901     70.896      0.000
 473 VGRO   16    7 2019   Buy    25    1752.75  278318.17 3926     70.891      0.000
 472 VGRO   16    7 2019   Buy    25    1752.75  280070.92 3951     70.886      0.000
 471 VGRO   16    7 2019   Buy    25    1752.75  281823.67 3976     70.881      0.000
 470 VGRO   16    7 2019   Buy    25    1752.75  283576.42 4001     70.876      0.000
 469 VGRO   16    7 2019   Buy    25    1752.75  285329.17 4026     70.872      0.000
 468 VGRO   16    7 2019   Buy    25    1752.75  287081.92 4051     70.867      0.000
 467 VGRO   16    7 2019   Buy    25    1752.75  288834.67 4076     70.862      0.000
 466 VGRO   16    7 2019   Buy    25    1752.75  290587.42 4101     70.858      0.000
 465 VGRO   16    7 2019   Buy    25    1752.75  292340.17 4126     70.853      0.000
 464 VGRO   16    7 2019   Buy    25    1752.75  294092.92 4151     70.849      0.000
 463 VGRO   16    7 2019   Buy    25    1752.75  295845.67 4176     70.844      0.000
 462 VGRO   16    7 2019   Buy    25    1752.75  297598.42 4201     70.840      0.000
 461 VGRO   16    7 2019   Buy    25    1752.75  299351.17 4226     70.836      0.000
 460 VGRO   16    7 2019   Buy    25    1752.75  301103.92 4251     70.831      0.000
 459 VGRO   16    7 2019   Buy    25    1752.75  302856.67 4276     70.827      0.000
 458 VGRO   16    7 2019   Buy    25    1752.75  304609.42 4301     70.823      0.000
 457 VGRO   16    7 2019   Buy    25    1752.75  306362.17 4326     70.819      0.000
 456 VGRO   16    7 2019   Buy    25    1752.75  308114.92 4351     70.815      0.000
 455 VGRO   16    7 2019   Buy    25    1752.75  309867.67 4376     70.811      0.000
 454 VGRO   16    7 2019   Buy    25    1752.75  311620.42 4401     70.807      0.000
 453 VGRO   16    7 2019   Buy    25    1752.75  313373.17 4426     70.803      0.000
 452 VGRO   16    7 2019   Buy    25    1752.75  315125.92 4451     70.799      0.000
 451 VGRO   16    7 2019   Buy    25    1752.75  316878.67 4476     70.795      0.000
 450 VGRO   16    7 2019   Buy    25    1752.75  318631.42 4501     70.791      0.000
 449 VGRO   16    7 2019   Buy    25    1752.75  320384.17 4526     70.787      0.000
 448 VGRO   16    7 2019   Buy    25    1752.75  322136.92 4551     70.784      0.000
 447 VGRO   16    7 2019   Buy    25    1752.75  323889.67 4576     70.780      0.000
 446 VGRO   16    7 2019   Buy    25    1752.75  325642.42 4601     70.776      0.000
 445 VGRO   16    7 2019   Buy    25    1752.75  327395.17 4626     70.773      0.000
 444 VGRO   16    7 2019   Buy    25    1752.75  329147.92 4651     70.769      0.000
 443 VGRO   16    7 2019   Buy    25    1752.75  330900.67 4676     70.766      0.000
 442 VGRO   16    7 2019   Buy    25    1752.75  332653.42 4701     70.762      0.000
 441 VGRO   16    7 2019   Buy    25    1752.75  334406.17 4726     70.759      0.000
 440 VGRO   16    7 2019   Buy    25    1752.75  336158.92 4751     70.755      0.000
 439 VGRO   16    7 2019   Buy    25    1752.75  337911.67 4776     70.752      0.000
 438 VGRO   16    7 2019   Buy    25    1752.75  339664.42 4801     70.749      0.000
 437 VGRO   16    7 2019   Buy    25    1752.75  341417.17 4826     70.745      0.000
 436 VGRO   16    7 2019   Buy    25    1752.75  343169.92 4851     70.742      0.000
 435 VGRO   16    7 2019   Buy    25    1752.75  344922.67 4876     70.739      0.000
 434 VGRO   16    7 2019   Buy    25    1752.75  346675.42 4901     70.736      0.000
 433 VGRO   16    7 2019   Buy    25    1752.75  348428.17 4926     70.732      0.000
 432 VGRO   16    7 2019   Buy    25    1752.75  350180.92 4951     70.729      0.000
 431 VGRO   16    7 2019   Buy    25    1752.75  351933.67 4976     70.726      0.000
 430 VGRO   16    7 2019   Buy    25    1752.75  353686.42 5001     70.723      0.000
 429 VGRO   16    7 2019   Buy    25    1752.75  355439.17 5026     70.720      0.000
 428 VGRO   16    7 2019   Buy    25    1752.75  357191.92 5051     70.717      0.000
 427 VGRO   16    7 2019   Buy    25    1752.75  358944.67 5076     70.714      0.000
 426 VGRO   16    7 2019   Buy    25    1752.75  360697.42 5101     70.711      0.000
 425 VGRO   16    7 2019   Buy    25    1752.75  362450.17 5126     70.708      0.000
 424 VGRO   16    7 2019   Buy    25    1752.75  364202.92 5151     70.705      0.000
 423 VGRO   16    7 2019   Buy    25    1752.75  365955.67 5176     70.702      0.000
 422 VGRO   16    7 2019   Buy    25    1752.75  367708.42 5201     70.700      0.000
 421 VGRO   16    7 2019   Buy    25    1752.75  369461.17 5226     70.697      0.000
 420 VGRO   16    7 2019   Buy    25    1752.75  371213.92 5251     70.694      0.000
 419 VGRO   16    7 2019   Buy    25    1752.75  372966.67 5276     70.691      0.000
 418 VGRO   16    7 2019   Buy    25    1752.75  374719.42 5301     70.688      0.000
 417 VGRO   16    7 2019   Buy    25    1752.75  376472.17 5326     70.686      0.000
 416 VGRO   16    7 2019   Buy    25    1752.75  378224.92 5351     70.683      0.000
 415 VGRO   16    7 2019   Buy    25    1752.75  379977.67 5376     70.680      0.000
 414 VGRO   16    7 2019   Buy    25    1752.75  381730.42 5401     70.678      0.000
 413 VGRO   16    7 2019   Buy    25    1752.75  383483.17 5426     70.675      0.000
 412 VGRO   16    7 2019   Buy    25    1752.75  385235.92 5451     70.673      0.000
 411 VGRO   16    7 2019   Buy    25    1752.75  386988.67 5476     70.670      0.000
 410 VGRO   16    7 2019   Buy    25    1752.75  388741.42 5501     70.667      0.000
 409 VGRO   16    7 2019   Buy    25    1752.75  390494.17 5526     70.665      0.000
 408 VGRO   16    7 2019   Buy    25    1752.75  392246.92 5551     70.662      0.000
 407 VGRO   16    7 2019   Buy    25    1752.75  393999.67 5576     70.660      0.000
 406 VGRO   16    7 2019   Buy    25    1752.75  395752.42 5601     70.657      0.000
 405 VGRO   16    7 2019   Buy    25    1752.75  397505.17 5626     70.655      0.000
 404 VGRO   16    7 2019   Buy    25    1752.75  399257.92 5651     70.653      0.000
 403 VGRO   16    7 2019   Buy    25    1752.75  401010.67 5676     70.650      0.000
 402 VGRO   16    7 2019   Buy    25    1752.75  402763.42 5701     70.648      0.000
 401 VGRO   16    7 2019   Buy    25    1752.75  404516.17 5726     70.646      0.000
 400 VGRO   16    7 2019   Buy    25    1752.75  406268.92 5751     70.643      0.000
 399 VGRO   16    7 2019   Buy    25    1752.75  408021.67 5776     70.641      0.000
 398 VGRO   16    7 2019   Buy    25    1752.75  409774.42 5801     70.639      0.000
 397 VGRO   16    7 2019   Buy    25    1752.75  411527.17 5826     70.636      0.000
 396 VGRO   16    7 2019   Buy    25    1752.75  413279.92 5851     70.634      0.000
 393 VGRO   16    7 2019   Buy    25    1752.75  415032.67 5876     70.632      0.000
 383 VGRO   16    7 2019   Buy    25    1752.75  416785.42 5901     70.630      0.000
 382 VGRO   16    7 2019   Buy    25    1752.75  418538.17 5926     70.627      0.000
 381 VGRO   16    7 2019   Buy    25    1752.75  420290.92 5951     70.625      0.000
 380 VGRO   16    7 2019   Buy    25    1752.75  422043.67 5976     70.623      0.000
 379 VGRO   16    7 2019   Buy    25    1752.75  423796.42 6001     70.621      0.000
 378 VGRO   16    7 2019   Buy    25    1752.75  425549.17 6026     70.619      0.000
 377 VGRO   16    7 2019   Buy    25    1752.75  427301.92 6051     70.617      0.000
 376 VGRO   16    7 2019   Buy    25    1752.75  429054.67 6076     70.615      0.000
 375 VGRO   16    7 2019   Buy    25    1752.75  430807.42 6101     70.613      0.000
 374 VGRO   16    7 2019   Buy    25    1752.75  432560.17 6126     70.611      0.000
 373 VGRO   16    7 2019   Buy    25    1752.75  434312.92 6151     70.609      0.000
 372 VGRO   16    7 2019   Buy    25    1752.75  436065.67 6176     70.606      0.000
 371 VGRO   16    7 2019   Buy    25    1752.75  437818.42 6201     70.604      0.000
 370 VGRO   16    7 2019   Buy    25    1752.75  439571.17 6226     70.603      0.000
 369 VGRO   16    7 2019   Buy    25    1752.75  441323.92 6251     70.601      0.000
 368 VGRO   16    7 2019   Buy    25    1752.75  443076.67 6276     70.599      0.000
 367 VGRO   16    7 2019   Buy    25    1752.75  444829.42 6301     70.597      0.000
 366 VGRO   16    7 2019   Buy    25    1752.75  446582.17 6326     70.595      0.000
 365 VGRO   16    7 2019   Buy    25    1752.75  448334.92 6351     70.593      0.000
 364 VGRO   16    7 2019   Buy    25    1752.75  450087.67 6376     70.591      0.000
 363 VGRO   16    7 2019   Buy    25    1752.75  451840.42 6401     70.589      0.000
 362 VGRO   16    7 2019   Buy    25    1752.75  453593.17 6426     70.587      0.000
 361 VGRO   16    7 2019   Buy    25    1752.75  455345.92 6451     70.585      0.000
 360 VGRO   16    7 2019   Buy    25    1752.75  457098.67 6476     70.583      0.000
 359 VGRO   16    7 2019   Buy    25    1752.75  458851.42 6501     70.582      0.000
 358 VGRO   16    7 2019   Buy    25    1752.75  460604.17 6526     70.580      0.000
 357 VGRO   16    7 2019   Buy    25    1752.75  462356.92 6551     70.578      0.000
 356 VGRO   16    7 2019   Buy    25    1752.75  464109.67 6576     70.576      0.000
 355 VGRO   16    7 2019   Buy    25    1752.75  465862.42 6601     70.575      0.000
 354 VGRO   16    7 2019   Buy    25    1752.75  467615.17 6626     70.573      0.000
 353 VGRO   16    7 2019   Buy    25    1752.75  469367.92 6651     70.571      0.000
 352 VGRO   16    7 2019   Buy    25    1752.75  471120.67 6676     70.569      0.000
 351 VGRO   16    7 2019   Buy    25    1752.75  472873.42 6701     70.568      0.000
 350 VGRO   16    7 2019   Buy    25    1752.75  474626.17 6726     70.566      0.000
 349 VGRO   16    7 2019   Buy    25    1752.75  476378.92 6751     70.564      0.000
 348 VGRO   16    7 2019   Buy    25    1752.75  478131.67 6776     70.563      0.000
 347 VGRO   16    7 2019   Buy    25    1752.75  479884.42 6801     70.561      0.000
 346 VGRO   16    7 2019   Buy    25    1752.75  481637.17 6826     70.559      0.000
 345 VGRO   16    7 2019   Buy    25    1752.75  483389.92 6851     70.558      0.000
 344 VGRO   16    7 2019   Buy    25    1752.75  485142.67 6876     70.556      0.000
 343 VGRO   16    7 2019   Buy    25    1752.75  486895.42 6901     70.554      0.000
 342 VGRO   16    7 2019   Buy    25    1752.75  488648.17 6926     70.553      0.000
 341 VGRO   16    7 2019   Buy    25    1752.75  490400.92 6951     70.551      0.000
 340 VGRO   16    7 2019   Buy    25    1752.75  492153.67 6976     70.550      0.000
 339 VGRO   16    7 2019   Buy    25    1752.75  493906.42 7001     70.548      0.000
 338 VGRO   16    7 2019   Buy    25    1752.75  495659.17 7026     70.546      0.000
 337 VGRO   16    7 2019   Buy    25    1752.75  497411.92 7051     70.545      0.000
 336 VGRO   16    7 2019   Buy    25    1752.75  499164.67 7076     70.543      0.000
 335 VGRO   16    7 2019   Buy    25    1752.75  500917.42 7101     70.542      0.000
 334 VGRO   16    7 2019   Buy    25    1752.75  502670.17 7126     70.540      0.000
 333 VGRO   16    7 2019   Buy    25    1752.75  504422.92 7151     70.539      0.000
 332 VGRO   16    7 2019   Buy    25    1752.75  506175.67 7176     70.537      0.000
 331 VGRO   16    7 2019   Buy    25    1752.75  507928.42 7201     70.536      0.000
 330 VGRO   16    7 2019   Buy    25    1752.75  509681.17 7226     70.534      0.000
 329 VGRO   16    7 2019   Buy    25    1752.75  511433.92 7251     70.533      0.000
 328 VGRO   16    7 2019   Buy    25    1752.75  513186.67 7276     70.531      0.000
 327 VGRO   16    7 2019   Buy    25    1752.75  514939.42 7301     70.530      0.000
 326 VGRO   16    7 2019   Buy    25    1752.75  516692.17 7326     70.529      0.000
 325 VGRO   16    7 2019   Buy    25    1752.75  518444.92 7351     70.527      0.000
 324 VGRO   16    7 2019   Buy    25    1752.75  520197.67 7376     70.526      0.000
 323 VGRO   16    7 2019   Buy    25    1752.75  521950.42 7401     70.524      0.000
 322 VGRO   16    7 2019   Buy    25    1752.75  523703.17 7426     70.523      0.000
 321 VGRO   16    7 2019   Buy    25    1752.75  525455.92 7451     70.522      0.000
 320 VGRO   16    7 2019   Buy    25    1752.75  527208.67 7476     70.520      0.000
 319 VGRO   16    7 2019   Buy    25    1752.75  528961.42 7501     70.519      0.000
 318 VGRO   16    7 2019   Buy    25    1752.75  530714.17 7526     70.517      0.000
 317 VGRO   16    7 2019   Buy    25    1752.75  532466.92 7551     70.516      0.000
 316 VGRO   16    7 2019   Buy    25    1752.75  534219.67 7576     70.515      0.000
 315 VGRO   16    7 2019   Buy    25    1752.75  535972.42 7601     70.513      0.000
 314 VGRO   16    7 2019   Buy    25    1752.75  537725.17 7626     70.512      0.000
 313 VGRO   16    7 2019   Buy    25    1752.75  539477.92 7651     70.511      0.000
 312 VGRO   16    7 2019   Buy    25    1752.75  541230.67 7676     70.509      0.000
 311 VGRO   16    7 2019   Buy    25    1752.75  542983.42 7701     70.508      0.000
 310 VGRO   16    7 2019   Buy    25    1752.75  544736.17 7726     70.507      0.000
 309 VGRO   16    7 2019   Buy    25    1752.75  546488.92 7751     70.506      0.000
 308 VGRO   16    7 2019   Buy    25    1752.75  548241.67 7776     70.504      0.000
 307 VGRO   16    7 2019   Buy    25    1752.75  549994.42 7801     70.503      0.000
 306 VGRO   16    7 2019   Buy    25    1752.75  551747.17 7826     70.502      0.000
 305 VGRO   16    7 2019   Buy    25    1752.75  553499.92 7851     70.501      0.000
 304 VGRO   16    7 2019   Buy    25    1752.75  555252.67 7876     70.499      0.000
 303 VGRO   16    7 2019   Buy    25    1752.75  557005.42 7901     70.498      0.000
 302 VGRO   16    7 2019   Buy    25    1752.75  558758.17 7926     70.497      0.000
 301 VGRO   16    7 2019   Buy    25    1752.75  560510.92 7951     70.496      0.000
 300 VGRO   16    7 2019   Buy    25    1752.75  562263.67 7976     70.494      0.000
 297 VGRO   16    7 2019   Buy    25    1752.75  564016.42 8001     70.493      0.000
 287 VGRO   16    7 2019   Buy    25    1752.75  565769.17 8026     70.492      0.000
 286 VGRO   16    7 2019   Buy    25    1752.75  567521.92 8051     70.491      0.000
 285 VGRO   16    7 2019   Buy    25    1752.75  569274.67 8076     70.490      0.000
 284 VGRO   16    7 2019   Buy    25    1752.75  571027.42 8101     70.489      0.000
 283 VGRO   16    7 2019   Buy    25    1752.75  572780.17 8126     70.487      0.000
 282 VGRO   16    7 2019   Buy    25    1752.75  574532.92 8151     70.486      0.000
 281 VGRO   16    7 2019   Buy    25    1752.75  576285.67 8176     70.485      0.000
 280 VGRO   16    7 2019   Buy    25    1752.75  578038.42 8201     70.484      0.000
 279 VGRO   16    7 2019   Buy    25    1752.75  579791.17 8226     70.483      0.000
 278 VGRO   16    7 2019   Buy    25    1752.75  581543.92 8251     70.482      0.000
 277 VGRO   16    7 2019   Buy    25    1752.75  583296.67 8276     70.481      0.000
 276 VGRO   16    7 2019   Buy    25    1752.75  585049.42 8301     70.479      0.000
 275 VGRO   16    7 2019   Buy    25    1752.75  586802.17 8326     70.478      0.000
 274 VGRO   16    7 2019   Buy    25    1752.75  588554.92 8351     70.477      0.000
 273 VGRO   16    7 2019   Buy    25    1752.75  590307.67 8376     70.476      0.000
 272 VGRO   16    7 2019   Buy    25    1752.75  592060.42 8401     70.475      0.000
 271 VGRO   16    7 2019   Buy    25    1752.75  593813.17 8426     70.474      0.000
 270 VGRO   16    7 2019   Buy    25    1752.75  595565.92 8451     70.473      0.000
 269 VGRO   16    7 2019   Buy    25    1752.75  597318.67 8476     70.472      0.000
 268 VGRO   16    7 2019   Buy    25    1752.75  599071.42 8501     70.471      0.000
 267 VGRO   16    7 2019   Buy    25    1752.75  600824.17 8526     70.470      0.000
 266 VGRO   16    7 2019   Buy    25    1752.75  602576.92 8551     70.469      0.000
 265 VGRO   16    7 2019   Buy    25    1752.75  604329.67 8576     70.468      0.000
 264 VGRO   16    7 2019   Buy    25    1752.75  606082.42 8601     70.467      0.000
 263 VGRO   16    7 2019   Buy    25    1752.75  607835.17 8626     70.465      0.000
 262 VGRO   16    7 2019   Buy    25    1752.75  609587.92 8651     70.464      0.000
 261 VGRO   16    7 2019   Buy    25    1752.75  611340.67 8676     70.463      0.000
 260 VGRO   16    7 2019   Buy    25    1752.75  613093.42 8701     70.462      0.000
 259 VGRO   16    7 2019   Buy    25    1752.75  614846.17 8726     70.461      0.000
 258 VGRO   16    7 2019   Buy    25    1752.75  616598.92 8751     70.460      0.000
 257 VGRO   16    7 2019   Buy    25    1752.75  618351.67 8776     70.459      0.000
 256 VGRO   16    7 2019   Buy    25    1752.75  620104.42 8801     70.458      0.000
 255 VGRO   16    7 2019   Buy    25    1752.75  621857.17 8826     70.457      0.000
 254 VGRO   16    7 2019   Buy    25    1752.75  623609.92 8851     70.456      0.000
 253 VGRO   16    7 2019   Buy    25    1752.75  625362.67 8876     70.455      0.000
 252 VGRO   16    7 2019   Buy    25    1752.75  627115.42 8901     70.454      0.000
 251 VGRO   16    7 2019   Buy    25    1752.75  628868.17 8926     70.454      0.000
 250 VGRO   16    7 2019   Buy    25    1752.75  630620.92 8951     70.453      0.000
 249 VGRO   16    7 2019   Buy    25    1752.75  632373.67 8976     70.452      0.000
 248 VGRO   16    7 2019   Buy    25    1752.75  634126.42 9001     70.451      0.000
 247 VGRO   16    7 2019   Buy    25    1752.75  635879.17 9026     70.450      0.000
 246 VGRO   16    7 2019   Buy    25    1752.75  637631.92 9051     70.449      0.000
 245 VGRO   16    7 2019   Buy    25    1752.75  639384.67 9076     70.448      0.000
 244 VGRO   16    7 2019   Buy    25    1752.75  641137.42 9101     70.447      0.000
 243 VGRO   16    7 2019   Buy    25    1752.75  642890.17 9126     70.446      0.000
 242 VGRO   16    7 2019   Buy    25    1752.75  644642.92 9151     70.445      0.000
 241 VGRO   16    7 2019   Buy    25    1752.75  646395.67 9176     70.444      0.000
 240 VGRO   16    7 2019   Buy    25    1752.75  648148.42 9201     70.443      0.000
 239 VGRO   16    7 2019   Buy    25    1752.75  649901.17 9226     70.442      0.000
 238 VGRO   16    7 2019   Buy    25    1752.75  651653.92 9251     70.441      0.000
 237 VGRO   16    7 2019   Buy    25    1752.75  653406.67 9276     70.441      0.000
 236 VGRO   16    7 2019   Buy    25    1752.75  655159.42 9301     70.440      0.000
 235 VGRO   16    7 2019   Buy    25    1752.75  656912.17 9326     70.439      0.000
 234 VGRO   16    7 2019   Buy    25    1752.75  658664.92 9351     70.438      0.000
 233 VGRO   16    7 2019   Buy    25    1752.75  660417.67 9376     70.437      0.000
 232 VGRO   16    7 2019   Buy    25    1752.75  662170.42 9401     70.436      0.000
 231 VGRO   16    7 2019   Buy    25    1752.75  663923.17 9426     70.435      0.000
 230 VGRO   16    7 2019   Buy    25    1752.75  665675.92 9451     70.434      0.000
 229 VGRO   16    7 2019   Buy    25    1752.75  667428.67 9476     70.434      0.000
 228 VGRO   16    7 2019   Buy    25    1752.75  669181.42 9501     70.433      0.000
 227 VGRO   16    7 2019   Buy    25    1752.75  670934.17 9526     70.432      0.000
 226 VGRO   16    7 2019   Buy    25    1752.75  672686.92 9551     70.431      0.000
 225 VGRO   16    7 2019   Buy    25    1752.75  674439.67 9576     70.430      0.000
 224 VGRO   16    7 2019   Buy    25    1752.75  676192.42 9601     70.429      0.000
 223 VGRO   16    7 2019   Buy    25    1752.75  677945.17 9626     70.429      0.000
 222 VGRO   16    7 2019   Buy    25    1752.75  679697.92 9651     70.428      0.000
 221 VGRO   16    7 2019   Buy    25    1752.75  681450.67 9676     70.427      0.000
 220 VGRO   16    7 2019   Buy    25    1752.75  683203.42 9701     70.426      0.000
 219 VGRO   16    7 2019   Buy    25    1752.75  684956.17 9726     70.425      0.000
 218 VGRO   16    7 2019   Buy    25    1752.75  686708.92 9751     70.424      0.000
 217 VGRO   16    7 2019   Buy    25    1752.75  688461.67 9776     70.424      0.000
 216 VGRO   16    7 2019   Buy    25    1752.75  690214.42 9801     70.423      0.000
 215 VGRO   16    7 2019   Buy    25    1752.75  691967.17 9826     70.422      0.000
 214 VGRO   16    7 2019   Buy    25    1752.75  693719.92 9851     70.421      0.000
 213 VGRO   16    7 2019   Buy    25    1752.75  695472.67 9876     70.420      0.000
 212 VGRO   16    7 2019   Buy    25    1752.75  697225.42 9901     70.420      0.000
 211 VGRO   16    7 2019   Buy    25    1752.75  698978.17 9926     70.419      0.000
 210 VGRO   16    7 2019   Buy    25    1752.75  700730.92 9951     70.418      0.000
 209 VGRO   16    7 2019   Buy    25    1752.75  702483.67 9976     70.417      0.000
 208 VGRO   16    7 2019   Buy    25    1752.75  704236.42 10001     70.417      0.000
 207 VGRO   16    7 2019   Buy    25    1752.75  705989.17 10026     70.416      0.000
 206 VGRO   16    7 2019   Buy    25    1752.75  707741.92 10051     70.415      0.000
 205 VGRO   16    7 2019   Buy    25    1752.75  709494.67 10076     70.414      0.000
 204 VGRO   16    7 2019   Buy    25    1752.75  711247.42 10101     70.414      0.000
 201 VGRO   16    7 2019   Buy    25    1752.75  713000.17 10126     70.413      0.000
 191 VGRO   16    7 2019   Buy    25    1752.75  714752.92 10151     70.412      0.000
 190 VGRO   16    7 2019   Buy    25    1752.75  716505.67 10176     70.411      0.000
 189 VGRO   16    7 2019   Buy    25    1752.75  718258.42 10201     70.411      0.000
 188 VGRO   16    7 2019   Buy    25    1752.75  720011.17 10226     70.410      0.000
 187 VGRO   16    7 2019   Buy    25    1752.75  721763.92 10251     70.409      0.000
 186 VGRO   16    7 2019   Buy    25    1752.75  723516.67 10276     70.408      0.000
 185 VGRO   16    7 2019   Buy    25    1752.75  725269.42 10301     70.408      0.000
 184 VGRO   16    7 2019   Buy    25    1752.75  727022.17 10326     70.407      0.000
 183 VGRO   16    7 2019   Buy    25    1752.75  728774.92 10351     70.406      0.000
 182 VGRO   16    7 2019   Buy    25    1752.75  730527.67 10376     70.406      0.000
 181 VGRO   16    7 2019   Buy    25    1752.75  732280.42 10401     70.405      0.000
 180 VGRO   16    7 2019   Buy    25    1752.75  734033.17 10426     70.404      0.000
 179 VGRO   16    7 2019   Buy    25    1752.75  735785.92 10451     70.403      0.000
 178 VGRO   16    7 2019   Buy    25    1752.75  737538.67 10476     70.403      0.000
 177 VGRO   16    7 2019   Buy    25    1752.75  739291.42 10501     70.402      0.000
 176 VGRO   16    7 2019   Buy    25    1752.75  741044.17 10526     70.401      0.000
 175 VGRO   16    7 2019   Buy    25    1752.75  742796.92 10551     70.401      0.000
 174 VGRO   16    7 2019   Buy    25    1752.75  744549.67 10576     70.400      0.000
 173 VGRO   16    7 2019   Buy    25    1752.75  746302.42 10601     70.399      0.000
 172 VGRO   16    7 2019   Buy    25    1752.75  748055.17 10626     70.399      0.000
 171 VGRO   16    7 2019   Buy    25    1752.75  749807.92 10651     70.398      0.000
 170 VGRO   16    7 2019   Buy    25    1752.75  751560.67 10676     70.397      0.000
 169 VGRO   16    7 2019   Buy    25    1752.75  753313.42 10701     70.397      0.000
 168 VGRO   16    7 2019   Buy    25    1752.75  755066.17 10726     70.396      0.000
 167 VGRO   16    7 2019   Buy    25    1752.75  756818.92 10751     70.395      0.000
 166 VGRO   16    7 2019   Buy    25    1752.75  758571.67 10776     70.395      0.000
 165 VGRO   16    7 2019   Buy    25    1752.75  760324.42 10801     70.394      0.000
 164 VGRO   16    7 2019   Buy    25    1752.75  762077.17 10826     70.393      0.000
 163 VGRO   16    7 2019   Buy    25    1752.75  763829.92 10851     70.393      0.000
 162 VGRO   16    7 2019   Buy    25    1752.75  765582.67 10876     70.392      0.000
 161 VGRO   16    7 2019   Buy    25    1752.75  767335.42 10901     70.391      0.000
 160 VGRO   16    7 2019   Buy    25    1752.75  769088.17 10926     70.391      0.000
 159 VGRO   16    7 2019   Buy    25    1752.75  770840.92 10951     70.390      0.000
 158 VGRO   16    7 2019   Buy    25    1752.75  772593.67 10976     70.389      0.000
 157 VGRO   16    7 2019   Buy    25    1752.75  774346.42 11001     70.389      0.000
 156 VGRO   16    7 2019   Buy    25    1752.75  776099.17 11026     70.388      0.000
 155 VGRO   16    7 2019   Buy    25    1752.75  777851.92 11051     70.387      0.000
 154 VGRO   16    7 2019   Buy    25    1752.75  779604.67 11076     70.387      0.000
 153 VGRO   16    7 2019   Buy    25    1752.75  781357.42 11101     70.386      0.000
 152 VGRO   16    7 2019   Buy    25    1752.75  783110.17 11126     70.386      0.000
 151 VGRO   16    7 2019   Buy    25    1752.75  784862.92 11151     70.385      0.000
 150 VGRO   16    7 2019   Buy    25    1752.75  786615.67 11176     70.384      0.000
 149 VGRO   16    7 2019   Buy    25    1752.75  788368.42 11201     70.384      0.000
 148 VGRO   16    7 2019   Buy    25    1752.75  790121.17 11226     70.383      0.000
 147 VGRO   16    7 2019   Buy    25    1752.75  791873.92 11251     70.383      0.000
 146 VGRO   16    7 2019   Buy    25    1752.75  793626.67 11276     70.382      0.000
 145 VGRO   16    7 2019   Buy    25    1752.75  795379.42 11301     70.381      0.000
 144 VGRO   16    7 2019   Buy    25    1752.75  797132.17 11326     70.381      0.000
 143 VGRO   16    7 2019   Buy    25    1752.75  798884.92 11351     70.380      0.000
 142 VGRO   16    7 2019   Buy    25    1752.75  800637.67 11376     70.380      0.000
 141 VGRO   16    7 2019   Buy    25    1752.75  802390.42 11401     70.379      0.000
 140 VGRO   16    7 2019   Buy    25    1752.75  804143.17 11426     70.378      0.000
 139 VGRO   16    7 2019   Buy    25    1752.75  805895.92 11451     70.378      0.000
 138 VGRO   16    7 2019   Buy    25    1752.75  807648.67 11476     70.377      0.000
 137 VGRO   16    7 2019   Buy    25    1752.75  809401.42 11501     70.377      0.000
 136 VGRO   16    7 2019   Buy    25    1752.75  811154.17 11526     70.376      0.000
 135 VGRO   16    7 2019   Buy    25    1752.75  812906.92 11551     70.375      0.000
 134 VGRO   16    7 2019   Buy    25    1752.75  814659.67 11576     70.375      0.000
 133 VGRO   16    7 2019   Buy    25    1752.75  816412.42 11601     70.374      0.000
 132 VGRO   16    7 2019   Buy    25    1752.75  818165.17 11626     70.374      0.000
 131 VGRO   16    7 2019   Buy    25    1752.75  819917.92 11651     70.373      0.000
 130 VGRO   16    7 2019   Buy    25    1752.75  821670.67 11676     70.373      0.000
 129 VGRO   16    7 2019   Buy    25    1752.75  823423.42 11701     70.372      0.000
 128 VGRO   16    7 2019   Buy    25    1752.75  825176.17 11726     70.371      0.000
 127 VGRO   16    7 2019   Buy    25    1752.75  826928.92 11751     70.371      0.000
 126 VGRO   16    7 2019   Buy    25    1752.75  828681.67 11776     70.370      0.000
 125 VGRO   16    7 2019   Buy    25    1752.75  830434.42 11801     70.370      0.000
 124 VGRO   16    7 2019   Buy    25    1752.75  832187.17 11826     70.369      0.000
 123 VGRO   16    7 2019   Buy    25    1752.75  833939.92 11851     70.369      0.000
 122 VGRO   16    7 2019   Buy    25    1752.75  835692.67 11876     70.368      0.000
 121 VGRO   16    7 2019   Buy    25    1752.75  837445.42 11901     70.368      0.000
 120 VGRO   16    7 2019   Buy    25    1752.75  839198.17 11926     70.367      0.000
 119 VGRO   16    7 2019   Buy    25    1752.75  840950.92 11951     70.367      0.000
 118 VGRO   16    7 2019   Buy    25    1752.75  842703.67 11976     70.366      0.000
 117 VGRO   16    7 2019   Buy    25    1752.75  844456.42 12001     70.366      0.000
 116 VGRO   16    7 2019   Buy    25    1752.75  846209.17 12026     70.365      0.000
 115 VGRO   16    7 2019   Buy    25    1752.75  847961.92 12051     70.364      0.000
 114 VGRO   16    7 2019   Buy    25    1752.75  849714.67 12076     70.364      0.000
 113 VGRO   16    7 2019   Buy    25    1752.75  851467.42 12101     70.363      0.000
 112 VGRO   16    7 2019   Buy    25    1752.75  853220.17 12126     70.363      0.000
 111 VGRO   16    7 2019   Buy    25    1752.75  854972.92 12151     70.362      0.000
 110 VGRO   16    7 2019   Buy    25    1752.75  856725.67 12176     70.362      0.000
 109 VGRO   16    7 2019   Buy    25    1752.75  858478.42 12201     70.361      0.000
 108 VGRO   16    7 2019   Buy    25    1752.75  860231.17 12226     70.361      0.000
 105 VGRO   16    7 2019   Buy    25    1752.75  861983.92 12251     70.360      0.000
  95 VGRO   16    7 2019   Buy    25    1752.75  863736.67 12276     70.360      0.000
  94 VGRO   16    7 2019   Buy    25    1752.75  865489.42 12301     70.359      0.000
  93 VGRO   16    7 2019   Buy    25    1752.75  867242.17 12326     70.359      0.000
  92 VGRO   16    7 2019   Buy    25    1752.75  868994.92 12351     70.358      0.000
  91 VGRO   16    7 2019   Buy    25    1752.75  870747.67 12376     70.358      0.000
  90 VGRO   16    7 2019   Buy    25    1752.75  872500.42 12401     70.357      0.000
  89 VGRO   16    7 2019   Buy    25    1752.75  874253.17 12426     70.357      0.000
  88 VGRO   16    7 2019   Buy    25    1752.75  876005.92 12451     70.356      0.000
  87 VGRO   16    7 2019   Buy    25    1752.75  877758.67 12476     70.356      0.000
  86 VGRO   16    7 2019   Buy    25    1752.75  879511.42 12501     70.355      0.000
  85 VGRO   16    7 2019   Buy    25    1752.75  881264.17 12526     70.355      0.000
  84 VGRO   16    7 2019   Buy    25    1752.75  883016.92 12551     70.354      0.000
  83 VGRO   16    7 2019   Buy    25    1752.75  884769.67 12576     70.354      0.000
  82 VGRO   16    7 2019   Buy    25    1752.75  886522.42 12601     70.353      0.000
  81 VGRO   16    7 2019   Buy    25    1752.75  888275.17 12626     70.353      0.000
  80 VGRO   16    7 2019   Buy    25    1752.75  890027.92 12651     70.352      0.000
  79 VGRO   16    7 2019   Buy    25    1752.75  891780.67 12676     70.352      0.000
  78 VGRO   16    7 2019   Buy    25    1752.75  893533.42 12701     70.351      0.000
  77 VGRO   16    7 2019   Buy    25    1752.75  895286.17 12726     70.351      0.000
  76 VGRO   16    7 2019   Buy    25    1752.75  897038.92 12751     70.350      0.000
  75 VGRO   16    7 2019   Buy    25    1752.75  898791.67 12776     70.350      0.000
  74 VGRO   16    7 2019   Buy    25    1752.75  900544.42 12801     70.350      0.000
  73 VGRO   16    7 2019   Buy    25    1752.75  902297.17 12826     70.349      0.000
  72 VGRO   16    7 2019   Buy    25    1752.75  904049.92 12851     70.349      0.000
  71 VGRO   16    7 2019   Buy    25    1752.75  905802.67 12876     70.348      0.000
  70 VGRO   16    7 2019   Buy    25    1752.75  907555.42 12901     70.348      0.000
  69 VGRO   16    7 2019   Buy    25    1752.75  909308.17 12926     70.347      0.000
  68 VGRO   16    7 2019   Buy    25    1752.75  911060.92 12951     70.347      0.000
  67 VGRO   16    7 2019   Buy    25    1752.75  912813.67 12976     70.346      0.000
  66 VGRO   16    7 2019   Buy    25    1752.75  914566.42 13001     70.346      0.000
  65 VGRO   16    7 2019   Buy    25    1752.75  916319.17 13026     70.345      0.000
  64 VGRO   16    7 2019   Buy    25    1752.75  918071.92 13051     70.345      0.000
  63 VGRO   16    7 2019   Buy    25    1752.75  919824.67 13076     70.344      0.000
  62 VGRO   16    7 2019   Buy    25    1752.75  921577.42 13101     70.344      0.000
  61 VGRO   16    7 2019   Buy    25    1752.75  923330.17 13126     70.344      0.000
  60 VGRO   16    7 2019   Buy    25    1752.75  925082.92 13151     70.343      0.000
  59 VGRO   16    7 2019   Buy    25    1752.75  926835.67 13176     70.343      0.000
  58 VGRO   16    7 2019   Buy    25    1752.75  928588.42 13201     70.342      0.000
  57 VGRO   16    7 2019   Buy    25    1752.75  930341.17 13226     70.342      0.000
  56 VGRO   16    7 2019   Buy    25    1752.75  932093.92 13251     70.341      0.000
  55 VGRO   16    7 2019   Buy    25    1752.75  933846.67 13276     70.341      0.000
  54 VGRO   16    7 2019   Buy    25    1752.75  935599.42 13301     70.341      0.000
  53 VGRO   16    7 2019   Buy    25    1752.75  937352.17 13326     70.340      0.000
  52 VGRO   16    7 2019   Buy    25    1752.75  939104.92 13351     70.340      0.000
  51 VGRO   16    7 2019   Buy    25    1752.75  940857.67 13376     70.339      0.000
  50 VGRO   16    7 2019   Buy    25    1752.75  942610.42 13401     70.339      0.000
  49 VGRO   16    7 2019   Buy    25    1752.75  944363.17 13426     70.338      0.000
  48 VGRO   16    7 2019   Buy    25    1752.75  946115.92 13451     70.338      0.000
  47 VGRO   16    7 2019   Buy    25    1752.75  947868.67 13476     70.338      0.000
  46 VGRO   16    7 2019   Buy    25    1752.75  949621.42 13501     70.337      0.000
  45 VGRO   16    7 2019   Buy    25    1752.75  951374.17 13526     70.337      0.000
  44 VGRO   16    7 2019   Buy    25    1752.75  953126.92 13551     70.336      0.000
  43 VGRO   16    7 2019   Buy    25    1752.75  954879.67 13576     70.336      0.000
  42 VGRO   16    7 2019   Buy    25    1752.75  956632.42 13601     70.335      0.000
  41 VGRO   16    7 2019   Buy    25    1752.75  958385.17 13626     70.335      0.000
  40 VGRO   16    7 2019   Buy    25    1752.75  960137.92 13651     70.335      0.000
  39 VGRO   16    7 2019   Buy    25    1752.75  961890.67 13676     70.334      0.000
  38 VGRO   16    7 2019   Buy    25    1752.75  963643.42 13701     70.334      0.000
  37 VGRO   16    7 2019   Buy    25    1752.75  965396.17 13726     70.333      0.000
  36 VGRO   16    7 2019   Buy    25    1752.75  967148.92 13751     70.333      0.000
  35 VGRO   16    7 2019   Buy    25    1752.75  968901.67 13776     70.333      0.000
  34 VGRO   16    7 2019   Buy    25    1752.75  970654.42 13801     70.332      0.000
  33 VGRO   16    7 2019   Buy    25    1752.75  972407.17 13826     70.332      0.000
  32 VGRO   16    7 2019   Buy    25    1752.75  974159.92 13851     70.331      0.000
  31 VGRO   16    7 2019   Buy    25    1752.75  975912.67 13876     70.331      0.000
  30 VGRO   16    7 2019   Buy    25    1752.75  977665.42 13901     70.331      0.000
  29 VGRO   16    7 2019   Buy    25    1752.75  979418.17 13926     70.330      0.000
  28 VGRO   16    7 2019   Buy    25    1752.75  981170.92 13951     70.330      0.000
  27 VGRO   16    7 2019   Buy    25    1752.75  982923.67 13976     70.329      0.000
  26 VGRO   16    7 2019   Buy    25    1752.75  984676.42 14001     70.329      0.000
  25 VGRO   16    7 2019   Buy    25    1752.75  986429.17 14026     70.329      0.000
  24 VGRO   16    7 2019   Buy    25    1752.75  988181.92 14051     70.328      0.000
  23 VGRO   16    7 2019   Buy    25    1752.75  989934.67 14076     70.328      0.000
  22 VGRO   16    7 2019   Buy    25    1752.75  991687.42 14101     70.327      0.000
  21 VGRO   16    7 2019   Buy    25    1752.75  993440.17 14126     70.327      0.000
  20 VGRO   16    7 2019   Buy    25    1752.75  995192.92 14151     70.327      0.000
  19 VGRO   16    7 2019   Buy    25    1752.75  996945.67 14176     70.326      0.000
  18 VGRO   16    7 2019   Buy    25    1752.75  998698.42 14201     70.326      0.000
  17 VGRO   16    7 2019   Buy    25    1752.75 1000451.17 14226     70.326      0.000
  16 VGRO   16    7 2019   Buy    25    1752.75 1002203.92 14251     70.325      0.000
  15 VGRO   16    7 2019   Buy    25    1752.75 1003956.67 14276     70.325      0.000
  14 VGRO   16    7 2019   Buy    25    1752.75 1005709.42 14301     70.324      0.000
  13 VGRO   16    7 2019   Buy    25    1752.75 1007462.17 14326     70.324      0.000
  12 VGRO   16    7 2019   Buy    25    1752.75 1009214.92 14351     70.324      0.000
   9 VGRO   16    7 2019   Buy    25    1752.75 1010967.67 14376     70.323      0.000
 487 VGRO   19    7 2019   Sell   90    6780.60 1004638.57 14286     70.323    451.504
 391 VGRO   19    7 2019   Sell   90    6780.60  998309.47 14196     70.323    451.504
 295 VGRO   19    7 2019   Sell   90    6780.60  991980.38 14106     70.323    451.504
 199 VGRO   19    7 2019   Sell   90    6780.60  985651.28 14016     70.323    451.504
 103 VGRO   19    7 2019   Sell   90    6780.60  979322.19 13926     70.323    451.504
   7 VGRO   19    7 2019   Sell   90    6780.60  972993.09 13836     70.323    451.504
 490 VGRO   20   10 2019   Buy   100    9011.00  982004.09 13936     70.465      0.000
 394 VGRO   20   10 2019   Buy   100    9011.00  991015.09 14036     70.605      0.000
 298 VGRO   20   10 2019   Buy   100    9011.00 1000026.09 14136     70.743      0.000
 202 VGRO   20   10 2019   Buy   100    9011.00 1009037.09 14236     70.879      0.000
 106 VGRO   20   10 2019   Buy   100    9011.00 1018048.09 14336     71.013      0.000
  10 VGRO   20   10 2019   Buy   100    9011.00 1027059.09 14436     71.146      0.000